Size=1156,808
Location=252,98
CurrentFile=Data\map5.txt
StartAndEnd=-103.3247,-28.35585,103.1221,-29.77403
