Size=1165,852
Location=2221,177
CurrentFile=Data\map1.txt
StartAndEnd=98.57494,-3.218678,101.2285,3.267812
