Size=1156,808
Location=252,98
CurrentFile=Data\map3.txt
StartAndEnd=-106.0037,-61.70522,113.0518,29.63839
