Size=160,27
Location=533,185
CurrentFile=Data\map5.txt
StartAndEnd=35.37551,22.65975,86.16389,90.62656
