Size=1086,411
Location=178,75
CurrentFile=ReleaseData\05_10000Сubes.txt
StartAndEnd=-83.55765,61.64879,143.4718,60.83915
